1.00000000e+00	2.12007193e-03
1.00926219e+00	2.12906098e-03
1.01861017e+00	2.13820115e-03
1.02804473e+00	2.14749284e-03
1.03756668e+00	2.15693650e-03
1.04717682e+00	2.16653258e-03
1.05687597e+00	2.17628153e-03
1.06666496e+00	2.18618378e-03
1.07654461e+00	2.19623982e-03
1.08651577e+00	2.20645008e-03
1.09657929e+00	2.21681506e-03
1.10673602e+00	2.22733521e-03
1.11698682e+00	2.23801101e-03
1.12733256e+00	2.24884295e-03
1.13777413e+00	2.25983150e-03
1.14831241e+00	2.27097717e-03
1.15894830e+00	2.28228043e-03
1.16968270e+00	2.29374180e-03
1.18051653e+00	2.30536177e-03
1.19145070e+00	2.31714084e-03
1.20248614e+00	2.32907953e-03
1.21362380e+00	2.34117834e-03
1.22486461e+00	2.35343780e-03
1.23620954e+00	2.36585841e-03
1.24765955e+00	2.37844071e-03
1.25921561e+00	2.39118522e-03
1.27087871e+00	2.40409245e-03
1.28264983e+00	2.41716295e-03
1.29452998e+00	2.43039725e-03
1.30652016e+00	2.44379587e-03
1.31862140e+00	2.45735936e-03
1.33083472e+00	2.47108826e-03
1.34316117e+00	2.48498310e-03
1.35560179e+00	2.49904444e-03
1.36815763e+00	2.51327280e-03
1.38082977e+00	2.52766875e-03
1.39361927e+00	2.54223283e-03
1.40652724e+00	2.55696557e-03
1.41955477e+00	2.57186755e-03
1.43270295e+00	2.58693929e-03
1.44597292e+00	2.60218136e-03
1.45936580e+00	2.61759431e-03
1.47288272e+00	2.63317868e-03
1.48652484e+00	2.64893503e-03
1.50029332e+00	2.66486391e-03
1.51418933e+00	2.68096587e-03
1.52821404e+00	2.69724147e-03
1.54236865e+00	2.71369124e-03
1.55665436e+00	2.73031575e-03
1.57107239e+00	2.74711554e-03
1.58562396e+00	2.76409115e-03
1.60031031e+00	2.78124313e-03
1.61513269e+00	2.79857203e-03
1.63009236e+00	2.81607839e-03
1.64519059e+00	2.83376275e-03
1.66042866e+00	2.85162565e-03
1.67580786e+00	2.86966761e-03
1.69132952e+00	2.88788919e-03
1.70699493e+00	2.90629089e-03
1.72280545e+00	2.92487326e-03
1.73876240e+00	2.94363682e-03
1.75486715e+00	2.96258208e-03
1.77112106e+00	2.98170956e-03
1.78752553e+00	3.00101977e-03
1.80408193e+00	3.02051323e-03
1.82079168e+00	3.04019043e-03
1.83765620e+00	3.06005188e-03
1.85467692e+00	3.08009806e-03
1.87185529e+00	3.10032947e-03
1.88919278e+00	3.12074659e-03
1.90669084e+00	3.14134989e-03
1.92435098e+00	3.16213985e-03
1.94217468e+00	3.18311693e-03
1.96016347e+00	3.20428159e-03
1.97831888e+00	3.22563428e-03
1.99664245e+00	3.24717545e-03
2.01513573e+00	3.26890552e-03
2.03380031e+00	3.29082494e-03
2.05263775e+00	3.31293412e-03
2.07164968e+00	3.33523347e-03
2.09083769e+00	3.35772340e-03
2.11020343e+00	3.38040430e-03
2.12974854e+00	3.40327656e-03
2.14947467e+00	3.42634056e-03
2.16938352e+00	3.44959666e-03
2.18947676e+00	3.47304523e-03
2.20975611e+00	3.49668660e-03
2.23022330e+00	3.52052111e-03
2.25088005e+00	3.54454909e-03
2.27172813e+00	3.56877086e-03
2.29276931e+00	3.59318670e-03
2.31400538e+00	3.61779692e-03
2.33543814e+00	3.64260179e-03
2.35706941e+00	3.66760157e-03
2.37890104e+00	3.69279652e-03
2.40093488e+00	3.71818687e-03
2.42317279e+00	3.74377285e-03
2.44561668e+00	3.76955468e-03
2.46826845e+00	3.79553253e-03
2.49113003e+00	3.82170661e-03
2.51420335e+00	3.84807707e-03
2.53749038e+00	3.87464406e-03
2.56099310e+00	3.90140772e-03
2.58471351e+00	3.92836816e-03
2.60865362e+00	3.95552549e-03
2.63281547e+00	3.98287980e-03
2.65720111e+00	4.01043114e-03
2.68181261e+00	4.03817958e-03
2.70665207e+00	4.06612513e-03
2.73172160e+00	4.09426782e-03
2.75702333e+00	4.12260763e-03
2.78255940e+00	4.15114455e-03
2.80833200e+00	4.17987851e-03
2.83434331e+00	4.20880947e-03
2.86059554e+00	4.23793733e-03
2.88709092e+00	4.26726198e-03
2.91383170e+00	4.29678329e-03
2.94082017e+00	4.32650112e-03
2.96805861e+00	4.35641529e-03
2.99554933e+00	4.38652561e-03
3.02329468e+00	4.41683185e-03
3.05129702e+00	4.44733377e-03
3.07955871e+00	4.47803110e-03
3.10808217e+00	4.50892356e-03
3.13686982e+00	4.54001082e-03
3.16592411e+00	4.57129254e-03
3.19524751e+00	4.60276836e-03
3.22484250e+00	4.63443788e-03
3.25471161e+00	4.66630068e-03
3.28485737e+00	4.69835632e-03
3.31528234e+00	4.73060430e-03
3.34598912e+00	4.76304414e-03
3.37698031e+00	4.79567529e-03
3.40825855e+00	4.82849720e-03
3.43982649e+00	4.86150928e-03
3.47168682e+00	4.89471089e-03
3.50384225e+00	4.92810139e-03
3.53629550e+00	4.96168010e-03
3.56904935e+00	4.99544630e-03
3.60210656e+00	5.02939924e-03
3.63546996e+00	5.06353814e-03
3.66914238e+00	5.09786219e-03
3.70312668e+00	5.13237055e-03
3.73742574e+00	5.16706233e-03
3.77204249e+00	5.20193662e-03
3.80697987e+00	5.23699246e-03
3.84224085e+00	5.27222888e-03
3.87782841e+00	5.30764485e-03
3.91374560e+00	5.34323931e-03
3.94999546e+00	5.37901118e-03
3.98658107e+00	5.41495931e-03
4.02350555e+00	5.45108253e-03
4.06077203e+00	5.48737964e-03
4.09838367e+00	5.52384938e-03
4.13634368e+00	5.56049048e-03
4.17465529e+00	5.59730160e-03
4.21332174e+00	5.63428137e-03
4.25234633e+00	5.67142839e-03
4.29173238e+00	5.70874119e-03
4.33148322e+00	5.74621830e-03
4.37160225e+00	5.78385816e-03
4.41209286e+00	5.82165921e-03
4.45295851e+00	5.85961982e-03
4.49420266e+00	5.89773833e-03
4.53582883e+00	5.93601301e-03
4.57784054e+00	5.97444211e-03
4.62024137e+00	6.01302384e-03
4.66303493e+00	6.05175633e-03
4.70622485e+00	6.09063770e-03
4.74981480e+00	6.12966600e-03
4.79380850e+00	6.16883924e-03
4.83820966e+00	6.20815539e-03
4.88302209e+00	6.24761234e-03
4.92824957e+00	6.28720797e-03
4.97389596e+00	6.32694009e-03
5.01996513e+00	6.36680646e-03
5.06646101e+00	6.40680479e-03
5.11338754e+00	6.44693274e-03
5.16074871e+00	6.48718793e-03
5.20854855e+00	6.52756790e-03
5.25679112e+00	6.56807017e-03
5.30548053e+00	6.60869219e-03
5.35462090e+00	6.64943134e-03
5.40421642e+00	6.69028498e-03
5.45427131e+00	6.73125039e-03
5.50478981e+00	6.77232481e-03
5.55577622e+00	6.81350542e-03
5.60723488e+00	6.85478933e-03
5.65917016e+00	6.89617362e-03
5.71158648e+00	6.93765530e-03
5.76448828e+00	6.97923131e-03
5.81788007e+00	7.02089856e-03
5.87176639e+00	7.06265388e-03
5.92615181e+00	7.10449404e-03
5.98104096e+00	7.14641578e-03
6.03643851e+00	7.18841575e-03
6.09234915e+00	7.23049055e-03
6.14877765e+00	7.27263673e-03
6.20572881e+00	7.31485076e-03
6.26320745e+00	7.35712908e-03
6.32121848e+00	7.39946803e-03
6.37976681e+00	7.44186392e-03
6.43885743e+00	7.48431300e-03
6.49849535e+00	7.52681142e-03
6.55868566e+00	7.56935532e-03
6.61943346e+00	7.61194074e-03
6.68074392e+00	7.65456367e-03
6.74262224e+00	7.69722004e-03
6.80507370e+00	7.73990572e-03
6.86810359e+00	7.78261650e-03
6.93171728e+00	7.82534813e-03
6.99592017e+00	7.86809627e-03
7.06071771e+00	7.91085655e-03
7.12611543e+00	7.95362450e-03
7.19211887e+00	7.99639560e-03
7.25873365e+00	8.03916529e-03
7.32596543e+00	8.08192891e-03
7.39381992e+00	8.12468176e-03
7.46230289e+00	8.16741905e-03
7.53142017e+00	8.21013596e-03
7.60117762e+00	8.25282758e-03
7.67158118e+00	8.29548894e-03
7.74263683e+00	8.33811501e-03
7.81435061e+00	8.38070071e-03
7.88672862e+00	8.42324086e-03
7.95977700e+00	8.46573024e-03
8.03350198e+00	8.50816357e-03
8.10790981e+00	8.55053550e-03
8.18300682e+00	8.59284061e-03
8.25879939e+00	8.63507343e-03
8.33529397e+00	8.67722841e-03
8.41249705e+00	8.71929994e-03
8.49041520e+00	8.76128237e-03
8.56905505e+00	8.80316995e-03
8.64842328e+00	8.84495691e-03
8.72852662e+00	8.88663738e-03
8.80937190e+00	8.92820546e-03
8.89096599e+00	8.96965516e-03
8.97331581e+00	9.01098045e-03
9.05642838e+00	9.05217523e-03
9.14031075e+00	9.09323335e-03
9.22497005e+00	9.13414859e-03
9.31041349e+00	9.17491469e-03
9.39664831e+00	9.21552530e-03
9.48368187e+00	9.25597405e-03
9.57152154e+00	9.29625448e-03
9.66017480e+00	9.33636011e-03
9.74964918e+00	9.37628437e-03
9.83995230e+00	9.41602065e-03
9.93109181e+00	9.45556230e-03
1.00230755e+01	9.49490260e-03
1.01159111e+01	9.53403478e-03
1.02096066e+01	9.57295204e-03
1.03041699e+01	9.61164749e-03
1.03996091e+01	9.65011423e-03
1.04959323e+01	9.68834530e-03
1.05931476e+01	9.72633369e-03
1.06912634e+01	9.76407234e-03
1.07902879e+01	9.80155417e-03
1.08902296e+01	9.83877202e-03
1.09910970e+01	9.87571873e-03
1.10928986e+01	9.91238706e-03
1.11956432e+01	9.94876977e-03
1.12993394e+01	9.98485955e-03
1.14039960e+01	1.00206491e-02
1.15096220e+01	1.00561310e-02
1.16162263e+01	1.00912979e-02
1.17238180e+01	1.01261423e-02
1.18324063e+01	1.01606568e-02
1.19420003e+01	1.01948339e-02
1.20526094e+01	1.02286662e-02
1.21642429e+01	1.02621460e-02
1.22769105e+01	1.02952658e-02
1.23906216e+01	1.03280180e-02
1.25053859e+01	1.03603950e-02
1.26212131e+01	1.03923893e-02
1.27381132e+01	1.04239932e-02
1.28560961e+01	1.04551991e-02
1.29751717e+01	1.04859993e-02
1.30953502e+01	1.05163861e-02
1.32166418e+01	1.05463520e-02
1.33390569e+01	1.05758892e-02
1.34626058e+01	1.06049901e-02
1.35872990e+01	1.06336471e-02
1.37131472e+01	1.06618525e-02
1.38401610e+01	1.06895986e-02
1.39683512e+01	1.07168778e-02
1.40977287e+01	1.07436826e-02
1.42283046e+01	1.07700052e-02
1.43600898e+01	1.07958381e-02
1.44930957e+01	1.08211738e-02
1.46273336e+01	1.08460048e-02
1.47628147e+01	1.08703234e-02
1.48995507e+01	1.08941222e-02
1.50375532e+01	1.09173939e-02
1.51768339e+01	1.09401309e-02
1.53174046e+01	1.09623258e-02
1.54592774e+01	1.09839715e-02
1.56024641e+01	1.10050606e-02
1.57469771e+01	1.10255858e-02
1.58928287e+01	1.10455400e-02
1.60400311e+01	1.10649161e-02
1.61885969e+01	1.10837069e-02
1.63385388e+01	1.11019056e-02
1.64898694e+01	1.11195052e-02
1.66426018e+01	1.11364988e-02
1.67967487e+01	1.11528796e-02
1.69523234e+01	1.11686409e-02
1.71093391e+01	1.11837761e-02
1.72678090e+01	1.11982787e-02
1.74277468e+01	1.12121422e-02
1.75891659e+01	1.12253603e-02
1.77520801e+01	1.12379266e-02
1.79165033e+01	1.12498351e-02
1.80824493e+01	1.12610796e-02
1.82499324e+01	1.12716542e-02
1.84189668e+01	1.12815531e-02
1.85895668e+01	1.12907705e-02
1.87617469e+01	1.12993009e-02
1.89355218e+01	1.13071388e-02
1.91109062e+01	1.13142787e-02
1.92879151e+01	1.13207155e-02
1.94665634e+01	1.13264441e-02
1.96468665e+01	1.13314595e-02
1.98288395e+01	1.13357570e-02
2.00124980e+01	1.13393318e-02
2.01978576e+01	1.13421794e-02
2.03849340e+01	1.13442955e-02
2.05737431e+01	1.13456759e-02
2.07643011e+01	1.13463164e-02
2.09566240e+01	1.13462133e-02
2.11507282e+01	1.13453628e-02
2.13466303e+01	1.13437614e-02
2.15443469e+01	1.13414056e-02
2.17438948e+01	1.13382923e-02
2.19452909e+01	1.13344185e-02
2.21485523e+01	1.13297812e-02
2.23536965e+01	1.13243779e-02
2.25607407e+01	1.13182061e-02
2.27697026e+01	1.13112634e-02
2.29805999e+01	1.13035479e-02
2.31934506e+01	1.12950575e-02
2.34082728e+01	1.12857907e-02
2.36250847e+01	1.12757458e-02
2.38439047e+01	1.12649217e-02
2.40647515e+01	1.12533171e-02
2.42876438e+01	1.12409312e-02
2.45126006e+01	1.12277633e-02
2.47396410e+01	1.12138128e-02
2.49687843e+01	1.11990795e-02
2.52000499e+01	1.11835634e-02
2.54334576e+01	1.11672644e-02
2.56690272e+01	1.11501829e-02
2.59067786e+01	1.11323195e-02
2.61467321e+01	1.11136749e-02
2.63889081e+01	1.10942500e-02
2.66333273e+01	1.10740458e-02
2.68800102e+01	1.10530639e-02
2.71289780e+01	1.10313055e-02
2.73802518e+01	1.10087726e-02
2.76338529e+01	1.09854669e-02
2.78898029e+01	1.09613905e-02
2.81481236e+01	1.09365458e-02
2.84088369e+01	1.09109352e-02
2.86719650e+01	1.08845613e-02
2.89375302e+01	1.08574270e-02
2.92055551e+01	1.08295351e-02
2.94760626e+01	1.08008888e-02
2.97490755e+01	1.07714913e-02
3.00246171e+01	1.07413462e-02
3.03027108e+01	1.07104570e-02
3.05833803e+01	1.06788274e-02
3.08666494e+01	1.06464611e-02
3.11525422e+01	1.06133623e-02
3.14410830e+01	1.05795348e-02
3.17322963e+01	1.05449829e-02
3.20262069e+01	1.05097109e-02
3.23228398e+01	1.04737229e-02
3.26222201e+01	1.04370236e-02
3.29243733e+01	1.03996173e-02
3.32293252e+01	1.03615085e-02
3.35371015e+01	1.03227018e-02
3.38477286e+01	1.02832019e-02
3.41612327e+01	1.02430132e-02
3.44776405e+01	1.02021405e-02
3.47969790e+01	1.01605884e-02
3.51192753e+01	1.01183614e-02
3.54445567e+01	1.00754641e-02
3.57728510e+01	1.00319010e-02
3.61041860e+01	9.98767673e-03
3.64385898e+01	9.94279557e-03
3.67760910e+01	9.89726191e-03
3.71167182e+01	9.85107999e-03
3.74605003e+01	9.80425398e-03
3.78074666e+01	9.75678793e-03
3.81576466e+01	9.70868576e-03
3.85110700e+01	9.65995128e-03
3.88677669e+01	9.61058816e-03
3.92277676e+01	9.56059990e-03
3.95911027e+01	9.50998988e-03
3.99578030e+01	9.45876129e-03
4.03278998e+01	9.40691716e-03
4.07014245e+01	9.35446036e-03
4.10784089e+01	9.30139356e-03
4.14588850e+01	9.24771926e-03
4.18428851e+01	9.19343978e-03
4.22304419e+01	9.13855726e-03
4.26215883e+01	9.08307366e-03
4.30163576e+01	9.02699076e-03
4.34147833e+01	8.97031016e-03
4.38168993e+01	8.91303332e-03
4.42227398e+01	8.85516151e-03
4.46323393e+01	8.79669589e-03
4.50457325e+01	8.73763747e-03
4.54629547e+01	8.67798714e-03
4.58840413e+01	8.61774571e-03
4.63090280e+01	8.55691389e-03
4.67379511e+01	8.49549235e-03
4.71708469e+01	8.43348173e-03
4.76077523e+01	8.37088265e-03
4.80487044e+01	8.30769577e-03
4.84937407e+01	8.24392181e-03
4.89428990e+01	8.17956158e-03
4.93962174e+01	8.11461603e-03
4.98537346e+01	8.04908625e-03
5.03154895e+01	7.98297359e-03
5.07815211e+01	7.91627962e-03
5.12518693e+01	7.84900623e-03
5.17265739e+01	7.78115566e-03
5.22056753e+01	7.71273056e-03
5.26892142e+01	7.64373401e-03
5.31772318e+01	7.57416963e-03
5.36697695e+01	7.50404155e-03
5.41668691e+01	7.43335457e-03
5.46685730e+01	7.36211412e-03
5.51749238e+01	7.29032638e-03
5.56859644e+01	7.21799827e-03
5.62017385e+01	7.14513758e-03
5.67222897e+01	7.07175297e-03
5.72476624e+01	6.99785403e-03
5.77779012e+01	6.92345134e-03
5.83130511e+01	6.84855652e-03
5.88531578e+01	6.77318226e-03
5.93982669e+01	6.69734235e-03
5.99484250e+01	6.62105175e-03
6.05036788e+01	6.54432660e-03
6.10640754e+01	6.46718426e-03
6.16296626e+01	6.38964331e-03
6.22004883e+01	6.31172358e-03
6.27766011e+01	6.23344616e-03
6.33580499e+01	6.15483343e-03
6.39448843e+01	6.07590900e-03
6.45371540e+01	5.99669774e-03
6.51349095e+01	5.91722575e-03
6.57382014e+01	5.83752035e-03
6.63470812e+01	5.75761003e-03
6.69616005e+01	5.67752441e-03
6.75818117e+01	5.59729419e-03
6.82077673e+01	5.51695111e-03
6.88395207e+01	5.43652787e-03
6.94771255e+01	5.35605807e-03
7.01206359e+01	5.27557612e-03
7.07701066e+01	5.19511716e-03
7.14255929e+01	5.11471698e-03
7.20871503e+01	5.03441191e-03
7.27548353e+01	4.95423870e-03
7.34287045e+01	4.87423448e-03
7.41088152e+01	4.79443656e-03
7.47952252e+01	4.71488240e-03
7.54879928e+01	4.63560942e-03
7.61871770e+01	4.55665496e-03
7.68928372e+01	4.47805610e-03
7.76050334e+01	4.39984959e-03
7.83238260e+01	4.32207170e-03
7.90492762e+01	4.24475813e-03
7.97814457e+01	4.16794390e-03
8.05203967e+01	4.09166326e-03
8.12661920e+01	4.01594955e-03
8.20188950e+01	3.94083514e-03
8.27785697e+01	3.86635134e-03
8.35452806e+01	3.79252832e-03
8.43190929e+01	3.71939504e-03
8.51000725e+01	3.64697917e-03
8.58882856e+01	3.57530704e-03
8.66837993e+01	3.50440364e-03
8.74866812e+01	3.43429250e-03
8.82969996e+01	3.36499573e-03
8.91148232e+01	3.29653398e-03
8.99402217e+01	3.22892640e-03
9.07732653e+01	3.16219067e-03
9.16140246e+01	3.09634302e-03
9.24625712e+01	3.03139818e-03
9.33189772e+01	2.96736947e-03
9.41833153e+01	2.90426877e-03
9.50556592e+01	2.84210657e-03
9.59360829e+01	2.78089202e-03
9.68246612e+01	2.72063298e-03
9.77214697e+01	2.66133599e-03
9.86265846e+01	2.60300642e-03
9.95400829e+01	2.54564844e-03
1.00462042e+02	2.48926511e-03
1.01392541e+02	2.43385842e-03
1.02331658e+02	2.37942935e-03
1.03279473e+02	2.32597790e-03
1.04236067e+02	2.27350317e-03
1.05201522e+02	2.22200338e-03
1.06175918e+02	2.17147595e-03
1.07159340e+02	2.12191754e-03
1.08151870e+02	2.07332405e-03
1.09153594e+02	2.02569074e-03
1.10164595e+02	1.97901221e-03
1.11184960e+02	1.93328247e-03
1.12214777e+02	1.88849496e-03
1.13254132e+02	1.84464259e-03
1.14303113e+02	1.80171778e-03
1.15361810e+02	1.75971246e-03
1.16430313e+02	1.71861816e-03
1.17508713e+02	1.67842597e-03
1.18597101e+02	1.63912659e-03
1.19695570e+02	1.60071037e-03
1.20804213e+02	1.56316730e-03
1.21923125e+02	1.52648707e-03
1.23052400e+02	1.49065905e-03
1.24192135e+02	1.45567232e-03
1.25342427e+02	1.42151573e-03
1.26503372e+02	1.38817784e-03
1.27675070e+02	1.35564699e-03
1.28857621e+02	1.32391133e-03
1.30051125e+02	1.29295877e-03
1.31255684e+02	1.26277708e-03
1.32471399e+02	1.23335381e-03
1.33698374e+02	1.20467641e-03
1.34936714e+02	1.17673216e-03
1.36186524e+02	1.14950822e-03
1.37447909e+02	1.12299165e-03
1.38720978e+02	1.09716940e-03
1.40005838e+02	1.07202836e-03
1.41302599e+02	1.04755533e-03
1.42611371e+02	1.02373708e-03
1.43932264e+02	1.00056033e-03
1.45265393e+02	9.78011769e-04
1.46610868e+02	9.56078085e-04
1.47968806e+02	9.34745960e-04
1.49339322e+02	9.14002092e-04
1.50722531e+02	8.93833204e-04
1.52118552e+02	8.74226057e-04
1.53527503e+02	8.55167465e-04
1.54949504e+02	8.36644301e-04
1.56384676e+02	8.18643515e-04
1.57833141e+02	8.01152137e-04
1.59295021e+02	7.84157297e-04
1.60770442e+02	7.67646226e-04
1.62259529e+02	7.51606273e-04
1.63762407e+02	7.36024912e-04
1.65279206e+02	7.20889750e-04
1.66810054e+02	7.06188538e-04
1.68355080e+02	6.91909176e-04
1.69914417e+02	6.78039726e-04
1.71488197e+02	6.64568414e-04
1.73076553e+02	6.51483640e-04
1.74679622e+02	6.38773986e-04
1.76297538e+02	6.26428219e-04
1.77930439e+02	6.14435296e-04
1.79578465e+02	6.02784375e-04
1.81241755e+02	5.91464814e-04
1.82920450e+02	5.80466177e-04
1.84614695e+02	5.69778240e-04
1.86324631e+02	5.59390991e-04
1.88050406e+02	5.49294638e-04
1.89792164e+02	5.39479604e-04
1.91550056e+02	5.29936539e-04
1.93324229e+02	5.20656313e-04
1.95114835e+02	5.11630022e-04
1.96922026e+02	5.02848988e-04
1.98745955e+02	4.94304761e-04
2.00586778e+02	4.85989116e-04
2.02444651e+02	4.77894056e-04
2.04319732e+02	4.70011810e-04
2.06212180e+02	4.62334831e-04
2.08122157e+02	4.54855798e-04
2.10049824e+02	4.47567614e-04
2.11995346e+02	4.40463399e-04
2.13958887e+02	4.33536495e-04
2.15940615e+02	4.26780461e-04
2.17940698e+02	4.20189068e-04
2.19959307e+02	4.13756299e-04
2.21996612e+02	4.07476345e-04
2.24052787e+02	4.01343602e-04
2.26128007e+02	3.95352667e-04
2.28222447e+02	3.89498334e-04
2.30336287e+02	3.83775593e-04
2.32469706e+02	3.78179621e-04
2.34622885e+02	3.72705781e-04
2.36796007e+02	3.67349620e-04
2.38989257e+02	3.62106859e-04
2.41202821e+02	3.56973392e-04
2.43436887e+02	3.51945282e-04
2.45691646e+02	3.47018754e-04
2.47967289e+02	3.42190193e-04
2.50264010e+02	3.37456137e-04
2.52582003e+02	3.32813274e-04
2.54921465e+02	3.28258435e-04
2.57282597e+02	3.23788593e-04
2.59665597e+02	3.19400854e-04
2.62070670e+02	3.15092455e-04
2.64498018e+02	3.10860758e-04
2.66947849e+02	3.06703248e-04
2.69420371e+02	3.02617523e-04
2.71915794e+02	2.98601295e-04
2.74434330e+02	2.94652383e-04
2.76976194e+02	2.90768709e-04
2.79541600e+02	2.86948292e-04
2.82130768e+02	2.83189249e-04
2.84743917e+02	2.79489782e-04
2.87381269e+02	2.75848183e-04
2.90043049e+02	2.72262825e-04
2.92729484e+02	2.68732158e-04
2.95440800e+02	2.65254710e-04
2.98177229e+02	2.61829075e-04
3.00939003e+02	2.58453919e-04
3.03726358e+02	2.55127968e-04
3.06539530e+02	2.51850012e-04
3.09378757e+02	2.48618897e-04
3.12244282e+02	2.45433522e-04
3.15136348e+02	2.42292841e-04
3.18055202e+02	2.39195853e-04
3.21001090e+02	2.36141605e-04
3.23974263e+02	2.33129188e-04
3.26974974e+02	2.30157731e-04
3.30003479e+02	2.27226405e-04
3.33060034e+02	2.24334414e-04
3.36144900e+02	2.21480998e-04
3.39258338e+02	2.18665430e-04
3.42400614e+02	2.15887011e-04
3.45571994e+02	2.13145071e-04
3.48772747e+02	2.10438966e-04
3.52003147e+02	2.07768080e-04
3.55263468e+02	2.05131816e-04
3.58553986e+02	2.02529601e-04
3.61874981e+02	1.99960884e-04
3.65226736e+02	1.97425130e-04
3.68609536e+02	1.94921824e-04
3.72023668e+02	1.92450469e-04
3.75469422e+02	1.90010581e-04
3.78947092e+02	1.87601692e-04
3.82456972e+02	1.85223349e-04
3.85999362e+02	1.82875111e-04
3.89574562e+02	1.80556549e-04
3.93182876e+02	1.78267247e-04
3.96824610e+02	1.76006797e-04
4.00500076e+02	1.73774803e-04
4.04209584e+02	1.71570879e-04
4.07953450e+02	1.69394646e-04
4.11731993e+02	1.67245736e-04
4.15545533e+02	1.65123787e-04
4.19394396e+02	1.63028444e-04
4.23278907e+02	1.60959362e-04
4.27199397e+02	1.58916200e-04
4.31156199e+02	1.56898624e-04
4.35149650e+02	1.54906307e-04
4.39180089e+02	1.52938927e-04
4.43247859e+02	1.50996168e-04
4.47353305e+02	1.49077718e-04
4.51496777e+02	1.47183272e-04
4.55678627e+02	1.45312529e-04
4.59899209e+02	1.43465191e-04
4.64158883e+02	1.41640968e-04
4.68458012e+02	1.39839570e-04
4.72796959e+02	1.38060715e-04
4.77176095e+02	1.36304124e-04
4.81595791e+02	1.34569519e-04
4.86056423e+02	1.32856630e-04
4.90558371e+02	1.31165189e-04
4.95102016e+02	1.29494930e-04
4.99687745e+02	1.27845592e-04
5.04315949e+02	1.26216918e-04
5.08987019e+02	1.24608654e-04
5.13701354e+02	1.23020547e-04
5.18459354e+02	1.21452351e-04
5.23261424e+02	1.19903820e-04
5.28107971e+02	1.18374712e-04
5.32999408e+02	1.16864789e-04
5.37936150e+02	1.15373815e-04
5.42918618e+02	1.13901556e-04
5.47947234e+02	1.12447783e-04
5.53022426e+02	1.11012269e-04
5.58144625e+02	1.09594788e-04
5.63314267e+02	1.08195119e-04
5.68531791e+02	1.06813043e-04
5.73797641e+02	1.05448343e-04
5.79112265e+02	1.04100806e-04
5.84476113e+02	1.02770219e-04
5.89889643e+02	1.01456376e-04
5.95353313e+02	1.00159068e-04
6.00867589e+02	9.88780934e-05
6.06432940e+02	9.76132496e-05
6.12049837e+02	9.63643381e-05
6.17718760e+02	9.51311623e-05
6.23440189e+02	9.39135282e-05
6.29214611e+02	9.27112439e-05
6.35042517e+02	9.15241200e-05
6.40924402e+02	9.03519692e-05
6.46860766e+02	8.91946065e-05
6.52852114e+02	8.80518492e-05
6.58898955e+02	8.69235167e-05
6.65001803e+02	8.58094307e-05
6.71161177e+02	8.47094148e-05
6.77377600e+02	8.36232950e-05
6.83651600e+02	8.25508992e-05
6.89983712e+02	8.14920576e-05
6.96374473e+02	8.04466021e-05
7.02824426e+02	7.94143668e-05
7.09334120e+02	7.83951880e-05
7.15904109e+02	7.73889037e-05
7.22534949e+02	7.63953538e-05
7.29227206e+02	7.54143805e-05
7.35981448e+02	7.44458275e-05
7.42798248e+02	7.34895407e-05
7.49678187e+02	7.25453677e-05
7.56621850e+02	7.16131578e-05
7.63629826e+02	7.06927625e-05
7.70702711e+02	6.97840349e-05
7.77841107e+02	6.88868297e-05
7.85045620e+02	6.80010036e-05
7.92316862e+02	6.71264151e-05
7.99655453e+02	6.62629241e-05
8.07062014e+02	6.54103924e-05
8.14537177e+02	6.45686835e-05
8.22081576e+02	6.37376626e-05
8.29695852e+02	6.29171963e-05
8.37380654e+02	6.21071531e-05
8.45136633e+02	6.13074029e-05
8.52964450e+02	6.05178172e-05
8.60864770e+02	5.97382693e-05
8.68838264e+02	5.89686336e-05
8.76885609e+02	5.82087865e-05
8.85007491e+02	5.74586057e-05
8.93204600e+02	5.67179702e-05
9.01477631e+02	5.59867608e-05
9.09827289e+02	5.52648596e-05
9.18254284e+02	5.45521502e-05
9.26759330e+02	5.38485174e-05
9.35343152e+02	5.31538478e-05
9.44006479e+02	5.24680290e-05
9.52750047e+02	5.17909502e-05
9.61574600e+02	5.11225019e-05
9.70480888e+02	5.04625760e-05
9.79469667e+02	4.98110655e-05
9.88541702e+02	4.91678651e-05
9.97697764e+02	4.85328703e-05
1.00693863e+03	4.79059783e-05
1.01626509e+03	4.72870874e-05
1.02567793e+03	4.66760971e-05
1.03517796e+03	4.60729081e-05
1.04476597e+03	4.54774226e-05
1.05444279e+03	4.48895437e-05
1.06420924e+03	4.43091757e-05
1.07406615e+03	4.37362244e-05
1.08401436e+03	4.31705962e-05
1.09405471e+03	4.26121993e-05
1.10418805e+03	4.20609425e-05
1.11441525e+03	4.15167360e-05
1.12473718e+03	4.09794910e-05
1.13515471e+03	4.04491199e-05
1.14566873e+03	3.99255360e-05
1.15628013e+03	3.94086539e-05
1.16698982e+03	3.88983890e-05
1.17779870e+03	3.83946580e-05
1.18870770e+03	3.78973784e-05
1.19971774e+03	3.74064688e-05
1.21082975e+03	3.69218490e-05
1.22204469e+03	3.64434395e-05
1.23336350e+03	3.59711618e-05
1.24478715e+03	3.55049387e-05
1.25631660e+03	3.50446935e-05
1.26795285e+03	3.45903508e-05
1.27969687e+03	3.41418360e-05
1.29154967e+03	3.36990753e-05
1.30351224e+03	3.32619962e-05
1.31558562e+03	3.28305266e-05
1.32777083e+03	3.24045956e-05
1.34006890e+03	3.19841332e-05
1.35248087e+03	3.15690701e-05
1.36500781e+03	3.11593380e-05
1.37765077e+03	3.07548694e-05
1.39041083e+03	3.03555975e-05
1.40328908e+03	2.99614567e-05
1.41628662e+03	2.95723817e-05
1.42940453e+03	2.91883084e-05
1.44264395e+03	2.88091735e-05
1.45600600e+03	2.84349142e-05
1.46949180e+03	2.80654687e-05
1.48310251e+03	2.77007760e-05
1.49683929e+03	2.73407757e-05
1.51070330e+03	2.69854083e-05
1.52469573e+03	2.66346149e-05
1.53881775e+03	2.62883374e-05
1.55307057e+03	2.59465185e-05
1.56745541e+03	2.56091015e-05
1.58197348e+03	2.52760305e-05
1.59662602e+03	2.49472503e-05
1.61141428e+03	2.46227062e-05
1.62633950e+03	2.43023444e-05
1.64140297e+03	2.39861117e-05
1.65660596e+03	2.36739555e-05
1.67194976e+03	2.33658240e-05
1.68743568e+03	2.30616660e-05
1.70306503e+03	2.27614307e-05
1.71883914e+03	2.24650684e-05
1.73475936e+03	2.21725297e-05
1.75082703e+03	2.18837657e-05
1.76704353e+03	2.15987285e-05
1.78341022e+03	2.13173705e-05
1.79992851e+03	2.10396449e-05
1.81659979e+03	2.07655052e-05
1.83342548e+03	2.04949058e-05
1.85040702e+03	2.02278015e-05
1.86754584e+03	1.99641477e-05
1.88484341e+03	1.97039003e-05
1.90230119e+03	1.94470159e-05
1.91992067e+03	1.91934515e-05
1.93770334e+03	1.89431648e-05
1.95565072e+03	1.86961137e-05
1.97376433e+03	1.84522571e-05
1.99204571e+03	1.82115541e-05
2.01049642e+03	1.79739644e-05
2.02911802e+03	1.77394481e-05
2.04791210e+03	1.75079660e-05
2.06688025e+03	1.72794793e-05
2.08602409e+03	1.70539496e-05
2.10534524e+03	1.68313392e-05
2.12484535e+03	1.66116106e-05
2.14452608e+03	1.63947269e-05
2.16438909e+03	1.61806518e-05
2.18443607e+03	1.59693492e-05
2.20466874e+03	1.57607838e-05
2.22508880e+03	1.55549203e-05
2.24569800e+03	1.53517242e-05
2.26649808e+03	1.51511612e-05
2.28749082e+03	1.49531978e-05
2.30867799e+03	1.47578004e-05
2.33006141e+03	1.45649363e-05
2.35164288e+03	1.43745728e-05
2.37342425e+03	1.41866780e-05
2.39540736e+03	1.40012202e-05
2.41759408e+03	1.38181681e-05
2.43998630e+03	1.36374907e-05
2.46258592e+03	1.34591577e-05
2.48539486e+03	1.32831390e-05
2.50841506e+03	1.31094047e-05
2.53164848e+03	1.29379256e-05
2.55509709e+03	1.27686727e-05
2.57876289e+03	1.26016174e-05
2.60264788e+03	1.24367314e-05
2.62675410e+03	1.22739868e-05
2.65108360e+03	1.21133562e-05
2.67563844e+03	1.19548124e-05
2.70042072e+03	1.17983284e-05
2.72543253e+03	1.16438778e-05
2.75067601e+03	1.14914345e-05
2.77615329e+03	1.13409726e-05
2.80186656e+03	1.11924666e-05
2.82781798e+03	1.10458914e-05
2.85400977e+03	1.09012220e-05
2.88044415e+03	1.07584339e-05
2.90712338e+03	1.06175030e-05
2.93404971e+03	1.04784052e-05
2.96122544e+03	1.03411171e-05
2.98865287e+03	1.02056151e-05
3.01633435e+03	1.00718764e-05
3.04427221e+03	9.93987816e-06
3.07246884e+03	9.80959800e-06
3.10092664e+03	9.68101374e-06
3.12964801e+03	9.55410351e-06
3.15863541e+03	9.42884572e-06
3.18789129e+03	9.30521905e-06
3.21741815e+03	9.18320246e-06
3.24721849e+03	9.06277516e-06
3.27729485e+03	8.94391664e-06
3.30764978e+03	8.82660666e-06
3.33828586e+03	8.71082521e-06
3.36920571e+03	8.59655256e-06
3.40041193e+03	8.48376922e-06
3.43190720e+03	8.37245596e-06
3.46369418e+03	8.26259377e-06
3.49577557e+03	8.15416391e-06
3.52815412e+03	8.04714787e-06
3.56083255e+03	7.94152737e-06
3.59381366e+03	7.83728438e-06
3.62710025e+03	7.73440107e-06
3.66069515e+03	7.63285988e-06
3.69460121e+03	7.53264343e-06
3.72882131e+03	7.43373459e-06
3.76335836e+03	7.33611645e-06
3.79821531e+03	7.23977231e-06
3.83339510e+03	7.14468566e-06
3.86890074e+03	7.05084025e-06
3.90473524e+03	6.95822000e-06
3.94090164e+03	6.86680905e-06
3.97740302e+03	6.77659174e-06
4.01424249e+03	6.68755260e-06
4.05142317e+03	6.59967639e-06
4.08894823e+03	6.51294803e-06
4.12682085e+03	6.42735264e-06
4.16504425e+03	6.34287556e-06
4.20362168e+03	6.25950228e-06
4.24255643e+03	6.17721850e-06
4.28185180e+03	6.09601009e-06
4.32151113e+03	6.01586310e-06
4.36153779e+03	5.93676379e-06
4.40193519e+03	5.85869854e-06
4.44270675e+03	5.78165396e-06
4.48385595e+03	5.70561680e-06
4.52538628e+03	5.63057399e-06
4.56730127e+03	5.55651262e-06
4.60960449e+03	5.48341996e-06
4.65229952e+03	5.41128343e-06
4.69539001e+03	5.34009062e-06
4.73887961e+03	5.26982928e-06
4.78277202e+03	5.20048731e-06
4.82707097e+03	5.13205277e-06
4.87178022e+03	5.06451387e-06
4.91690358e+03	4.99785899e-06
4.96244488e+03	4.93207662e-06
5.00840799e+03	4.86715544e-06
5.05479682e+03	4.80308425e-06
5.10161531e+03	4.73985200e-06
5.14886745e+03	4.67744779e-06
5.19655724e+03	4.61586085e-06
5.24468875e+03	4.55508056e-06
5.29326606e+03	4.49509643e-06
5.34229330e+03	4.43589809e-06
5.39177464e+03	4.37747534e-06
5.44171429e+03	4.31981807e-06
5.49211648e+03	4.26291633e-06
5.54298552e+03	4.20676029e-06
5.59432571e+03	4.15134024e-06
5.64614142e+03	4.09664660e-06
5.69843706e+03	4.04266993e-06
5.75121707e+03	3.98940087e-06
5.80448594e+03	3.93683022e-06
5.85824820e+03	3.88494888e-06
5.91250841e+03	3.83374788e-06
5.96727120e+03	3.78321836e-06
6.02254120e+03	3.73335156e-06
6.07832313e+03	3.68413885e-06
6.13462172e+03	3.63557172e-06
6.19144176e+03	3.58764173e-06
6.24878807e+03	3.54034060e-06
6.30666554e+03	3.49366013e-06
6.36507908e+03	3.44759222e-06
6.42403366e+03	3.40212888e-06
6.48353429e+03	3.35726224e-06
6.54358602e+03	3.31298452e-06
6.60419396e+03	3.26928802e-06
6.66536327e+03	3.22616517e-06
6.72709914e+03	3.18360849e-06
6.78940681e+03	3.14161059e-06
6.85229160e+03	3.10016418e-06
6.91575883e+03	3.05926206e-06
6.97981391e+03	3.01889713e-06
7.04446228e+03	2.97906238e-06
7.10970943e+03	2.93975088e-06
7.17556092e+03	2.90095580e-06
7.24202233e+03	2.86267041e-06
7.30909933e+03	2.82488804e-06
7.37679760e+03	2.78760212e-06
7.44512291e+03	2.75080618e-06
7.51408106e+03	2.71449381e-06
7.58367791e+03	2.67865869e-06
7.65391939e+03	2.64329460e-06
7.72481145e+03	2.60839536e-06
7.79636013e+03	2.57395491e-06
7.86857151e+03	2.53996726e-06
7.94145172e+03	2.50642648e-06
8.01500696e+03	2.47332673e-06
8.08924349e+03	2.44066225e-06
8.16416760e+03	2.40842734e-06
8.23978568e+03	2.37661639e-06
8.31610415e+03	2.34522385e-06
8.39312950e+03	2.31424426e-06
8.47086827e+03	2.28367220e-06
8.54932707e+03	2.25350235e-06
8.62851257e+03	2.22372945e-06
8.70843150e+03	2.19434830e-06
8.78909065e+03	2.16535378e-06
8.87049689e+03	2.13674082e-06
8.95265713e+03	2.10850444e-06
9.03557835e+03	2.08063970e-06
9.11926760e+03	2.05314174e-06
9.20373200e+03	2.02600575e-06
9.28897872e+03	1.99922700e-06
9.37501502e+03	1.97280081e-06
9.46184819e+03	1.94672256e-06
9.54948564e+03	1.92098769e-06
9.63793480e+03	1.89559171e-06
9.72720319e+03	1.87053018e-06
9.81729841e+03	1.84579872e-06
9.90822810e+03	1.82139300e-06
1.00000000e+04	1.79730875e-06
